0
2.77777777777778e-07
4.16666666666667e-07
1.38888888888889e-07
9.72222222222222e-07
2.77777777777778e-06
3.75e-06
1.52777777777778e-06
4.16666666666667e-07
2.77777777777778e-07
6.94444444444444e-07
2.77777777777778e-07
4.16666666666667e-07
2.77777777777778e-07
2.77777777777778e-07
1.38888888888889e-07
5.55555555555556e-07
5.55555555555556e-07
1.38888888888889e-07
8.33333333333333e-07
5.55555555555556e-07
1.80555555555556e-06
3.88888888888889e-06
7.08333333333333e-06
9.30555555555556e-06
1.40277777777778e-05
1.54166666666667e-05
1.15277777777778e-05
6.38888888888889e-06
2.77777777777778e-06
6.94444444444444e-07
0
